49.6414
49.5109
49.9978
49.8816
49.579
49.9278
50.4422
50.3323
50.3914
50.261
50.0733
50.1283
50.2373
49.5739
49.2746
49.7916
50.1363
49.8668
49.5947
49.7426
49.734
49.3777
49.5968
50.0238
50.5559
50.8465
50.7398
50.6653
50.4375
50.4714
51.2404
51.362
51.1339
50.9453
51.2885	
50.7465
51.1039
51.2423
51.2732
51.4823
51.6469
51.1533
51.1902
50.7807
50.6714
50.3406
50.4669
49.9376
49.8202
49.5948
50.2283
50.6937
50.8828
51.5918	
51.4431	
52.0832
51.8344
51.8322
51.8541
52.3247
52.1306
51.9381
51.8459
52.096
51.4999
51.5805
52.2989
52.2008
52.3844
52.701
53.3379
53.1217
53.2815
53.1607
53.4391
53.1086
53.077
52.9506
53.124
53.2139
53.3972
53.6279
53.9962
54.0983
53.8889
54.0944
53.992
53.6075
52.9509
53.0187
52.4854
52.2939
52.2535
52.5764
52.9263
52.7564
52.2967
52.093
52.504
52.4107
52.2031
52.02
52.2155
51.8731
51.7851
52.1307
52.4898
52.5835
52.5701
51.9468
51.5432
51.5598
51.733
52.082
52.547
51.969
51.548
51.847
51.916
51.188
50.821
51.18
50.836
50.935
51.486
51.875
52.166
52.02
51.905
51.693
51.821
51.825
51.643
51.525
51.3288
50.9
50.3023
50.4035
50.4045
50.6101
50.7073
50.6061
50.4109
50.628
50.83
50.2324
50.7435
50.548
50.7
50.6319
50.3901
50.5314
50.5055
50.26
50.78
50.9
50.3937
50.2406
50.563
50.4705
50.2699
50.133
50.5161
50.52
50.108
49.65
50.005
49.937
49.125
48.963
49.1643
48.9963
48.92
48.698
48.4711
48.3599
48.3129
48.4612
48.3142
48.228
48.235
48.3098
48.4042
48.2391
48.267
48.0011
47.9602
48.0536
47.9367
47.892
47.712
47.8465
48.0342
48.1319
48.0607
48.0698
48.0339
48.0658
47.9513
48.6697
48.5463
48.6908
48.5549
48.5509
48.3403
48.5775
48.3983
48.4012
48.0307
47.8599
47.8578
48.0919
47.6049
47.8894
48.7296
48.6463
49.3621
50.2237
50.947
50.3559
49.8202
50.4288
50.7093
50.2287
49.8992
49.8784
50.2302
51.0961
50.8107
50.8255
50.8247	
50.7924
50.6732
50.1373
50.1291
50.7057
50.36
50.3493
49.8683
50.2346
51.0529
51.1561
51.2456
51.5112
51.1683
51.4471
51.3405
51.3983
52.2803
52.4007
52.4172
52.0897
51.3606
52.1089
52.2599
52.3603
52.5425
52.6026
52.4116
52.2683
52.9389
53.3392
54.099
54.9008
55.0443
56.0034
56.3336
55.86
55.3911
55.5173
55.9123
56.3253
57.0903
56.7895
57.361
58.964
59.0562
58.9888
58.9033
58.783



























































	
